train_auPRC: 0.15579967149918045
train_auPRC_std: 0.010073280141511343
train_auROC: 0.7241585147344837
train_r2: 0.001840880571449867
valid_auPRC: 0.07321032887137384
valid_auPRC_std: 0.010335245264603391
valid_auROC: 0.7069332932125328
valid_r2: 0.0010434745798504458
