train_auPRC: 0.16702765220948484
train_auPRC_std: 0.005476928496874748
train_auROC: 0.6984065810112627
train_r2: 0.002109197082717903
valid_auPRC: 0.10191908010045429
valid_auPRC_std: 0.01430641559075688
valid_auROC: 0.6886122073630341
valid_r2: 0.0012867823641964662
