train_auPRC: 0.19140163140664468
train_auPRC_std: 0.013601399390163941
train_auROC: 0.7408531292546169
train_r2: 0.002442471921285374
valid_auPRC: 0.1140538641973932
valid_auPRC_std: 0.020890170828340878
valid_auROC: 0.7257206244955916
valid_r2: 0.0016045009130101168
