train_auPRC: 0.18816317953587516
train_auPRC_std: 0.012584840864553111
train_auROC: 0.7435583423888915
train_r2: 0.002353843207515387
valid_auPRC: 0.11353435685179387
valid_auPRC_std: 0.019553955917581006
valid_auROC: 0.7304710104555813
valid_r2: 0.0015423028484754693
