train_auPRC: 0.1895810850482098
train_auPRC_std: 0.01188684636506124
train_auROC: 0.7432713591600885
train_r2: 0.0019855083605548633
valid_auPRC: 0.11243391235155599
valid_auPRC_std: 0.018990712132838615
valid_auROC: 0.7256411300649267
valid_r2: 0.0011842624635948135
