train_auPRC: 0.16645608498644848
train_auPRC_std: 0.005064392200105546
train_auROC: 0.6971237106198954
train_r2: 0.0020963879869008665
valid_auPRC: 0.10193376293862749
valid_auPRC_std: 0.015107435027339794
valid_auROC: 0.6884782685882347
valid_r2: 0.0012836813819596341
