train_auPRC: 0.17827863666190316
train_auPRC_std: 0.0038901814773782692
train_auROC: 0.787190320587446
valid_auPRC: 0.17837313782724565
valid_auPRC_std: 0.014355016091224552
valid_auROC: 0.7903802600117107
